-0.2539411344057431,0.08920231491936326,
-1.3182564009088877,-0.45839744079158307,-0.9710527178967714,-0.6328674053007661,
0.29606844239901403,-0.5823109789422172,
0.02815385041722733,0.34246318989003466,0.06069849286624934,0.3268791416048783,
-0.15664509553088515,-0.05580236575369357,
-1.0029852040785507,0.6587641543237417,-0.2611169920652631,-0.9159495094087935,
0.0939846354754606,-0.3844966205165261,
-0.31993844847273645,0.17278624068696113,-0.02084751036256574,-0.28040134103726483,
-0.0977967081569105,0.14926374642901893,
0.37855151245046725,-0.3220575457286469,-0.2348091235398424,0.24191559085562186,
-0.38011904151523923,-0.30231859867294564,
-0.45794911812449246,-0.0042732581070751285,-0.23620321603045158,-0.2501660465758101,
-0.19407544194719795,-0.7925529966719833,
0.2355322256062336,0.5414962510913498,-0.02217918713081836,-0.2196803096891494,
0.17165706051365487,-0.6261866368043947,
0.44884281127602854,-0.5316707833840659,-0.8479024056004237,-0.5207264785239669,
-0.4321815018153156,0.38741221027679007,
0.35471429511420693,0.1442904394270334,-0.714070435033578,0.335599236382107,
-0.533530351890329,-0.20784161791881248,
-0.6232589310478657,-0.5369505060586078,-0.6631015720032188,0.06341174528751564,
