-0.19539820107675898,-0.07515924382530526,
-0.40367039190703363,-0.10363914414277026,-0.9247119390121479,-0.4310373445958088,
-0.17286548722629733,-0.4380788802882052,
-0.4557726613316657,-0.22411414503064164,0.08190112879816497,-0.4310373445958088,
-0.19539820107675898,-0.07515924382530526,
0.21099472415172482,-0.10363914414277026,-0.9247119390121479,-0.4310373445958088,
-0.054481941750184504,0.3993064177125345,
-0.08367339416095253,-0.29618117652289155,0.3586526461959532,-0.4310373445958088,
-0.19539820107675898,-0.07515924382530526,
-0.4557726613316657,-0.10363914414277026,0.15692844094885983,-0.4310373445958088,
0.4357285139805115,-0.07515924382530526,
0.21099472415172482,-0.10363914414277026,0.15692844094885983,-0.4310373445958088,
-0.31636239603587535,-0.07515924382530526,
0.21099472415172482,-0.10363914414277026,0.15692844094885983,0.17122842371552593,
-0.19539820107675898,-0.07515924382530526,
-0.4557726613316657,-0.22411414503064164,0.15692844094885983,-0.6979976764874839,
-0.19539820107675898,-0.3385111066645602,
0.10201490783599032,-0.4484558653650419,0.279676892167086,-0.4310373445958088,
-0.31421593172077367,0.31810602127587323,
0.10201490783599032,0.26129982993874157,0.279676892167086,-0.6697975035878073,
