-0.19684365031497203,0.3261202576443152,
0.3817805459963862,0.21117212420505715,-0.4240600341505789,0.38635470117089243,
-0.3419044609456209,-0.35844193970916743,
-0.17971643689065597,-0.05003577241364421,-0.287835594465057,-0.3859034334479027,
0.49154107686376214,-0.4163855305808968,
-0.5629921292679083,-0.3262279851050507,-0.45837192252735104,-0.022396492384560818,
0.19572695950632973,-0.3384726394154802,
0.49632445936015523,9.669342802783865E-4,-0.01275385049520339,-0.41846106534599836,
0.2579935678156958,-0.0710037239438428,
0.1685449888253294,-0.07383853955853473,-0.009854177920549767,0.11803702321691589,
-0.11283544493481457,-0.2890339509220111,
0.3391813809339066,-0.3493278675545004,-0.2516196823592721,-0.10374080525244078,
-0.045000641114350814,0.0949520950699827,
-0.04748184401205655,0.011557048221494157,-0.2037194550941226,-0.35129314552524277,
0.02135944206185092,0.13644124132013302,
-0.03742818198548237,-0.005892676029030763,-0.24753202847354172,-0.06829729498026904,
0.2934514620320224,0.134851382487982,
-0.170801850636303,0.049294251573021385,-0.03710574070832007,0.059240691807084744,
-0.11970461765178508,0.05481224629060409,
0.10555890888705477,-0.59279486646508,0.4104409282719349,-0.10805754025817033,
