-0.6835671930524463,-0.05025090535992527,
-0.2851446743485837,-0.7196460614075015,-0.5086795980756013,-0.4058559553494887,
0.2625871195765376,0.2365610962014,
-0.39068703135447347,0.13761462206985403,0.3971431840150852,0.3975536963473978,
-0.636475127714511,-0.48609441159272077,
-0.33576996327326036,0.6206673927525264,-0.015149653730249013,-0.1662433825399655,
-0.2599610428802508,-0.7423341492411366,
-0.19404823391230852,0.13314647020012482,-0.04218701932318908,-0.5734002971403436,
-0.07789789324758434,0.10395248940128249,
0.5145360085359794,-0.4088333658834182,-0.3737048542525142,0.22512961604146903,
-0.7844703807395312,-0.4391584652552687,
0.4711187655745922,-0.4388733199817296,-0.5177322952917771,-0.5268208550762971,
-0.4482824549994458,0.2608521152659076,
0.42897220729108715,-0.8790516532074643,0.0511507595923576,-0.8464086555408183,
-0.314258124593091,-0.4532545988667671,
-0.19403083009817457,-1.131624356622573,-0.7976765307708779,-0.46172137566701554,
-0.15738258260605492,0.25516626281957505,
0.4108762127424901,0.019184618746074772,-0.337565951757526,-0.12742637798114198,
-0.2923511361394591,-0.850464793174745,
-0.49658195267706484,-0.48006516536895105,-0.9798249720926218,0.36437573054082806,
